2118 -3
2487 -3
2369 -3
2666 0
2781 11
2951 33
2819 69
3061 123
3015 199
3183 301
3160 430
3284 585
3379 767
3221 977
3343 1200
3177 1442
3106 1691
2946 1938
2842 2178
2705 2410
2861 2617
2559 2806
2577 2964
2287 3095
2134 3203
2047 3278
1876 3327
1868 3354
1623 3358
1653 3337
1599 3304
1460 3255
1188 3192
1206 3118
1098 3030
1126 2926
1111 2822
1307 2707
1141 2589
1151 2470
1172 2352
1287 2230
1443 2109
1689 1998
1685 1889
1840 1794
1985 1706
1992 1627
2291 1561
2337 1510
2333 1476
2730 1456
2657 1458
2980 1472
2857 1503
2991 1553
3153 1616
3133 1690
3072 1781
3332 1881
3086 1992
3344 2104
3269 2227
3174 2350
3104 2474
3049 2596
3024 2710
2954 2823
2780 2929
2474 3029
2423 3113
2255 3187
2293 3249
2027 3297
1910 3334
1727 3350
1854 3352
1484 3339
1352 3310
1354 3262
1235 3202
1127 3128
1113 3040
1231 2942
1270 2831
1241 2715
1168 2589
1341 2466
1482 2337
1472 2213
1353 2094
1596 1978
1596 1872
1685 1777
2071 1691
2222 1620
2084 1566
2234 1522
2637 1500
2459 1488
2638 1492
2952 1509
2793 1545
2898 1594
3197 1656
3041 1730
3269 1810
3189 1904
3163 2006
3129 2113
3038 2227
3056 2343
3086 2458
3141 2576
2908 2689
2949 2799
2814 2896
2512 2989
2624 3075
2441 3145
2051 3208
1953 3253
1785 3284
1882 3303
1575 3306
1535 3293
1580 3265
1499 3226
1242 3169
1163 3101
1282 3017
1166 2922
1220 2821
1178 2710
1262 2589
1268 2469
1289 2346
1302 2224
1524 2106
1654 1997
1687 1889
1866 1794
1969 1710
2037 1639
2285 1581
2267 1537
2551 1511
2473 1495
2606 1501
2877 1517
2956 1549
3016 1596
3047 1654
3028 1732
3253 1814
3119 1910
3260 2011
3292 2120
3161 2236
3163 2352
2961 2468
3001 2584
3030 2698
2788 2807
2778 2911
2564 3006
2551 3087
2343 3160
2212 3223
2188 3269
1917 3301
1809 3318
1822 3323
1644 3307
1490 3282
1559 3237
1179 3179
1229 3113
1076 3035
1285 2942
1319 2843
1341 2733
1111 2621
1125 2505
1277 2386
1503 2264
1612 2154
1657 2041
1713 1934
1794 1842
1835 1749
2189 1675
2230 1616
2285 1567
2400 1531
2524 1518
2769 1516
2778 1531
2978 1562
3045 1606
3225 1667
2997 1741
3187 1826
3353 1915
3123 2021
3268 2129
3062 2244
3158 2359
3030 2479
3186 2594
2894 2707
2723 2820
2687 2923
2575 3019
2396 3102
2274 3176
2111 3237
1930 3285
1958 3311
1973 3329
1636 3326
1724 3305
1374 3268
1546 3220
1290 3160
1407 3079
1098 2996
1154 2897
1348 2795
1067 2685
1097 2569
1307 2456
1192 2344
1349 2224
1367 2111
1444 2006
1611 1907
1979 1813
1806 1728
2174 1655
2062 1592
2343 1543
2543 1504
2595 1483
2634 1479
2815 1489
3066 1510
2929 1552
3193 1609
3076 1685
3207 1769
3228 1861
3212 1970
3306 2082
3337 2204
3135 2330
2966 2458
2865 2577
2895 2698
2952 2816
2715 2921
2670 3022
2476 3111
2504 3184
2195 3245
1957 3294
2060 3326
1660 3342
1633 3342
1556 3324
1589 3293
1285 3250
1392 3186
1412 3112
1087 3031
1307 2936
1125 2832
1221 2720
1277 2602
1222 2482
1443 2360
1409 2241
1573 2125
1683 2015
1781 1910
1862 1816
1957 1734
2004 1662
2359 1606
2497 1563
2343 1536
2698 1522
2604 1529
2752 1551
2976 1584
2978 1632
2951 1695
3089 1772
3050 1854
3280 1947
3347 2051
3281 2158
3085 2271
3080 2384
3083 2493
2889 2606
2967 2714
2759 2819
2826 2913
2616 3004
2534 3085
2403 3155
2344 3212
2129 3260
1853 3287
1722 3306
1665 3309
1571 3297
1528 3270
1520 3228
1166 3173
1373 3102
1177 3025
1079 2934
1118 2835
1043 2724
1341 2611
1386 2488
1419 2369
1374 2247
1386 2131
1700 2018
1741 1907
1897 1810
1935 1726
1990 1651
2127 1589
2278 1543
2425 1513
2670 1496
2626 1503
2735 1517
2956 1552
3010 1600
2997 1659
3009 1734
3323 1815
3068 1910
3325 2012
3140 2115
3147 2226
3001 2339
2983 2455
2966 2572
2872 2680
2934 2789
2735 2888
2605 2979
2354 3065
2195 3138
2155 3195
2168 3241
2045 3271
1748 3285
1766 3286
1662 3269
1546 3241
1418 3197
1426 3134
1300 3069
1210 2989
1351 2897
1094 2801
1220 2694
1223 2586
1246 2475
1417 2359
1489 2249
1572 2139
1564 2032
1721 1936
1715 1845
1898 1762
2221 1694
2365 1634
2446 1588
2339 1557
2622 1540
2808 1540
2760 1552
3052 1583
3126 1629
2974 1687
3075 1757
3171 1843
3266 1941
3201 2042
3358 2151
3115 2268
3043 2388
3155 2506
3093 2625
2812 2737
2940 2847
2847 2946
2719 3038
2377 3124
2433 3192
2217 3250
2102 3297
2084 3326
1827 3341
1780 3342
1631 3327
1613 3304
1309 3261
1452 3201
1203 3136
1343 3053
1065 2965
1064 2865
1061 2756
1063 2644
1271 2527
1289 2408
1370 2287
1514 2170
1559 2054
1637 1942
1880 1843
1821 1747
2022 1662
2092 1593
2497 1539
2485 1500
2734 1474
2721 1468
2793 1479
3062 1509
3180 1552
2940 1612
3268 1689
3181 1778
3164 1878
3254 1986
3090 2105
3258 2231
3293 2353
2968 2482
3025 2611
3061 2729
2683 2843
2582 2950
2725 3047
2349 3133
2478 3202
2098 3262
2069 3302
2083 3332
1690 3348
1647 3343
1640 3323
1594 3288
1503 3239
1252 3175
1222 3098
1355 3014
1281 2921
1234 2819
1238 2709
1168 2593
1108 2479
1383 2360
1433 2244
1466 2131
1649 2026
1711 1925
1721 1833
1783 1750
2052 1677
2236 1618
2418 1574
2436 1538
2725 1518
2667 1516
2899 1525
2828 1554
2903 1597
3000 1652
3095 1722
3051 1804
3082 1897
3287 2001
3247 2110
3170 2224
3237 2342
3249 2457
3052 2571
2942 2687
2953 2795
2624 2900
2526 2992
2587 3076
2264 3148
2274 3212
2105 3260
1799 3294
1810 3317
1696 3324
1685 3316
1542 3289
1426 3249
1182 3194
1416 3121
1263 3040
1039 2944
1319 2840
1291 2730
1309 2610
1347 2488
1195 2371
1384 2250
1529 2135
1602 2024
1768 1921
1748 1826
1923 1745
2124 1675
2319 1618
2489 1573
2530 1542
2628 1530
2659 1529
2703 1544
2847 1575
3003 1622
2939 1683
3034 1756
3188 1839
3188 1934
3240 2037
3338 2141
3039 2256
3203 2373
2969 2487
3141 2599
3078 2709
2935 2812
2587 2908
2615 3000
2635 3082
2420 3148
2120 3210
1942 3261
1900 3294
1893 3314
1613 3318
1709 3310
1650 3283
1384 3244
1261 3192
1233 3124
1277 3042
1089 2947
1151 2843
1060 2733
1343 2613
1344 2497
1290 2372
1316 2255
1612 2135
1439 2022
1857 1915
1807 1818
2076 1732
1990 1656
2052 1597
2419 1550
2527 1516
2587 1500
2703 1500
2828 1515
2920 1548
3003 1593
3160 1658
3010 1732
3352 1817
3288 1910
3153 2017
3238 2127
3280 2244
3166 2361
3132 2482
3057 2601
3061 2716
2945 2825
2613 2930
2552 3031
2525 3116
2423 3192
2166 3256
2116 3305
1960 3338
1980 3360
1715 3361
1734 3348
1562 3321
1371 3277
1450 3218
1272 3145
1108 3062
1062 2969
1292 2864
1135 2754
1168 2640
1316 2523
1297 2404
1513 2283
1386 2166
1559 2056
1549 1945
1863 1849
2055 1760
2116 1681
2278 1617
2453 1562
2542 1528
2653 1505
2763 1501
2722 1514
3095 1544
2995 1591
3006 1654
3179 1731
3273 1819
3278 1920
3121 2028
3301 2143
3180 2262
3204 2387
3128 2511
3140 2629
3044 2746
2922 2856
2678 2962
2733 3057
2414 3139
2367 3212
2084 3269
2120 3316
2055 3350
1915 3368
1600 3371
1648 3356
1639 3325
1525 3282
1284 3224
1110 3151
1235 3067
1232 2970
1035 2869
1343 2752
1335 2636
1149 2517
1179 2396
1259 2277
1559 2156
1551 2041
1538 1935
1788 1835
1941 1748
2169 1671
2310 1604
2182 1553
2355 1515
2577 1495
2714 1487
2748 1500
2970 1524
3109 1565
3016 1623
3062 1692
3267 1779
3267 1872
3258 1978
3182 2086
3155 2205
3287 2325
2990 2444
3120 2572
3049 2687
2871 2803
2872 2910
2542 3010
2543 3095
2422 3173
2292 3239
2168 3289
2066 3324
1797 3349
1739 3357
1663 3347
1606 3320
1266 3280
1473 3222
1394 3154
1225 3078
1329 2984
1301 2884
1195 2777
1376 2662
1177 2545
1190 2428
1251 2311
1538 2193
1623 2084
1634 1979
1819 1880
2041 1792
2118 1716
2185 1653
2309 1601
2348 1569
2590 1543
2631 1538
2996 1546
2962 1569
2983 1608
3242 1663
3312 1733
3210 1812
3373 1903
3322 2003
3263 2117
3069 2235
3080 2355
3022 2481
2895 2604
2925 2726
2992 2842
2712 2951
2441 3054
2537 3142
2307 3215
2270 3274
2005 3320
1968 3350
1773 3362
1801 3356
1450 3333
1498 3297
1381 3246
1239 3181
1338 3101
1333 3013
1315 2918
1333 2812
1322 2700
1067 2588
1324 2468
1183 2349
1436 2234
1357 2120
1750 2016
1701 1914
1693 1824
1863 1742
2036 1674
2293 1615
2472 1572
2488 1541
2540 1524
2751 1521
2748 1535
2958 1563
2869 1606
3209 1662
3214 1731
3150 1812
3189 1903
3335 2005
3144 2120
3173 2235
3043 2352
3103 2472
2978 2591
2960 2709
2817 2821
2732 2925
2456 3022
2351 3104
2396 3175
2161 3234
2015 3278
1787 3306
1835 3322
1596 3319
1575 3299
1615 3267
1532 3216
1219 3150
1144 3077
1148 2990
1183 2890
1266 2785
1303 2672
1373 2555
1225 2440
1217 2321
1454 2205
1632 2090
1463 1983
1622 1885
1754 1794
2042 1715
2217 1644
2352 1593
2356 1547
2606 1524
2677 1508
2771 1511
2901 1531
2924 1565
3096 1613
3186 1674
3097 1752
3273 1841
3220 1942
3211 2051
3070 2167
3087 2286
3243 2409
2976 2533
2988 2654
2860 2767
2970 2877
2805 2980
2626 3071
2554 3146
2198 3212
2070 3263
2031 3303
1889 3326
1944 3336
1684 3333
1652 3310
1502 3281
1357 3232
1467 3168
1141 3094
1193 3014
1076 2919
1109 2815
1100 2706
1129 2589
1331 2471
1198 2350
1419 2231
1559 2119
1610 2001
1580 1896
1767 1798
2007 1709
1992 1636
2355 1573
2467 1523
2361 1485
2456 1470
2795 1467
2804 1482
2873 1514
2887 1565
3161 1625
3154 1704
3200 1794
3360 1887
3372 1996
3078 2108
3065 2226
3156 2349
3187 2467
3075 2588
3019 2702
2674 2815
2762 2921
2470 3018
2324 3105
2452 3179
2356 3236
2117 3287
1953 3319
1821 3336
1700 3338
1457 3321
1541 3291
1250 3242
1403 3182
1248 3111
1243 3026
1086 2926
1033 2825
1179 2713
1260 2600
1396 2479
1486 2357
1389 2237
1488 2115
1536 2005
1696 1899
1693 1803
1903 1719
2144 1643
2196 1584
2291 1537
2509 1510
2634 1494
2636 1493
2684 1516
2814 1549
3100 1595
3126 1654
3230 1724
3259 1808
3353 1900
3397 2002
3111 2113
3300 2225
3090 2343
3079 2463
3068 2582
2836 2700
2816 2816
2671 2921
2751 3019
2353 3114
2295 3193
2276 3258
2030 3307
1915 3342
1730 3358
1625 3358
1696 3339
1607 3306
1500 3257
1418 3193
1105 3113
1268 3025
1043 2929
1323 2819
1324 2707
1136 2592
1255 2477
1216 2358
1484 2237
1580 2124
1491 2018
1651 1916
1815 1820
1897 1738
2079 1667
2289 1607
2381 1564
2565 1531
2765 1511
2756 1510
2779 1523
3045 1556
3078 1599
3040 1656
3277 1732
3134 1821
3233 1916
3287 2024
3150 2141
3229 2262
3007 2384
3048 2508
2921 2632
2973 2748
2797 2863
2804 2966
2647 3057
2517 3140
2337 3208
2242 3264
2004 3304
1927 3329
1942 3340
1738 3335
1513 3315
1347 3282
1433 3235
1192 3175
1171 3103
1066 3020
1302 2925
1034 2822
1085 2712
1151 2597
1270 2477
1212 2353
1358 2231
1428 2109
1450 1992
1639 1879
1875 1780
1807 1687
1923 1607
2212 1540
2188 1489
2405 1453
2638 1435
2590 1433
2809 1441
2800 1473
3061 1521
3112 1580
3148 1651
3135 1739
3129 1832
3104 1939
3332 2047
3128 2163
3297 2288
3186 2408
3164 2531
3015 2649
2948 2766
2607 2873
2496 2975
2486 3069
2492 3149
2137 3212
2213 3268
1988 3310
1875 3335
1602 3342
1563 3332
1454 3307
1499 3267
1289 3213
1213 3143
1202 3060
1219 2968
1222 2859
1217 2750
1372 2629
1150 2507
1318 2382
1303 2261
1337 2141
1559 2027
1662 1923
1855 1821
2046 1735
1981 1661
2308 1598
2477 1549
2552 1514
2728 1495
2798 1497
2752 1509
2829 1540
3002 1586
3107 1649
3046 1722
3172 1810
3379 1906
3251 2016
3090 2131
3089 2250
3259 2376
3243 2497
3061 2616
3070 2731
2687 2839
2629 2945
2609 3037
2343 3122
2424 3189
2260 3247
2240 3293
1903 3322
1860 3338
1652 3338
1508 3324
1331 3297
1427 3248
1484 3190
1411 3118
1332 3033
1248 2938
1301 2833
1172 2725
1169 2607
1377 2486
1343 2370
1388 2252
1620 2142
1602 2031
1820 1929
1771 1841
1945 1761
2207 1692
2330 1635
2501 1593
2493 1564
2675 1550
2599 1556
2969 1572
3062 1604
3013 1650
2960 1713
2995 1785
3044 1872
3350 1964
3125 2072
3242 2183
3309 2295
3198 2412
3243 2529
3027 2642
3074 2753
2935 2858
2840 2952
2738 3042
2536 3123
2328 3195
2302 3252
2184 3302
1899 3334
1947 3358
1850 3363
1454 3352
1346 3332
1338 3294
1369 3240
1171 3178
1140 3098
1088 3008
1294 2903
1200 2786
1145 2667
1368 2537
1349 2409
1256 2282
1578 2156
1457 2035
1616 1920
1795 1816
1999 1720
2004 1645
2060 1578
2416 1529
2607 1495
2724 1476
2687 1477
2687 1491
2900 1522
3167 1567
3061 1633
3286 1706
3052 1794
3191 1891
3366 1993
3167 2107
3063 2225
3231 2350
3109 2474
3110 2593
3075 2712
2964 2828
2592 2933
2523 3030
2534 3115
2397 3190
2286 3251
2128 3300
1923 3333
1703 3350
1640 3353
1746 3338
1478 3312
1531 3268
1304 3205
1210 3133
1288 3049
1128 2959
1139 2850
1149 2740
1121 2624
1233 2506
1280 2381
1555 2261
1423 2144
1539 2026
1550 1922
1724 1822
1865 1733
1978 1656
2246 1595
2422 1544
2486 1505
2534 1486
2885 1479
2746 1492
2808 1520
2959 1560
3233 1617
3293 1688
3303 1775
3310 1868
3198 1975
3218 2086
3285 2210
3083 2335
2959 2460
3117 2585
2867 2708
2809 2823
2870 2934
2602 3035
2420 3127
2292 3203
2203 3267
1930 3310
1937 3344
1972 3361
1548 3358
1454 3338
1601 3302
1301 3254
1384 3189
1390 3113
1073 3023
1248 2923
1301 2814
1254 2703
1086 2583
1247 2464
1249 2346
1444 2222
1585 2107
1618 1998
1772 1893
1756 1803
1961 1722
2099 1652
2271 1593
2234 1551
2532 1521
2610 1508
2772 1512
2767 1530
2964 1557
3071 1607
3018 1666
3232 1739
3342 1823
3178 1921
3333 2026
3211 2136
3251 2253
3195 2370
3058 2491
3061 2613
2930 2730
2742 2841
2648 2949
2440 3045
2523 3131
2241 3205
2291 3267
2006 3315
1872 3346
1726 3359
1829 3351
1439 3337
1451 3298
1354 3247
1407 3176
1168 3096
1341 3007
1279 2908
1092 2799
1269 2683
1150 2566
1309 2447
1171 2326
1333 2205
1354 2095
1595 1986
1709 1885
1962 1793
2109 1710
2153 1638
2075 1580
2181 1533
2603 1510
2465 1491
2614 1492
2919 1506
2893 1539
2872 1585
2947 1643
3304 1717
3092 1804
3094 1901
3315 1998
3198 2111
3160 2226
3208 2342
3122 2459
2960 2577
3078 2686
2733 2795
2780 2895
2741 2987
2396 3075
2188 3149
2346 3209
2141 3257
1914 3294
1785 3317
1770 3322
1536 3309
1560 3287
1311 3241
1480 3185
1353 3115
1167 3037
1120 2942
1257 2841
1248 2731
1180 2612
1404 2496
1376 2373
1368 2257
1469 2142
1624 2029
1665 1927
1749 1834
1824 1748
2186 1677
2117 1619
2351 1574
2631 1538
2703 1524
2676 1523
2730 1535
3061 1565
3163 1609
3189 1667
3158 1735
3144 1823
3326 1914
3111 2020
3267 2131
3109 2251
3065 2372
2938 2493
2956 2618
3075 2736
2906 2852
2680 2952
2628 3047
2408 3130
2235 3202
2334 3259
1936 3302
1811 3329
1668 3338
1618 3333
1651 3310
1582 3273
1463 3226
1330 3162
1284 3084
1090 2999
1191 2900
1304 2795
1343 2683
1083 2565
1388 2447
1258 2331
1555 2210
1448 2101
1582 1994
1794 1892
1948 1800
1915 1721
1979 1656
2351 1600
2384 1561
2578 1533
2525 1524
2847 1525
2846 1545
2871 1580
3022 1628
3179 1690
3000 1764
3076 1850
3248 1945
3072 2050
3334 2158
3052 2274
3143 2392
2971 2506
3116 2623
2924 2734
2675 2838
2580 2939
2711 3022
2401 3103
2445 3166
2348 3221
1921 3263
1813 3290
1679 3301
1552 3297
1562 3281
1560 3247
1262 3201
1240 3141
1245 3072
1107 2988
1242 2892
1109 2786
1266 2675
1095 2555
1117 2435
1198 2312
1558 2192
1517 2071
1518 1956
1737 1853
1668 1755
1817 1672
2151 1598
2182 1539
2252 1491
2398 1462
2469 1450
2604 1454
2861 1471
2915 1504
2877 1552
3220 1613
3058 1685
3048 1767
3101 1862
3240 1964
3268 2074
3085 2188
3053 2304
3018 2422
2891 2539
2818 2652
2836 2766
2828 2865
2588 2963
2624 3048
2301 3120
2243 3179
2032 3225
1975 3262
1723 3277
1646 3278
1694 3265
1557 3240
1406 3198
1357 3142
1278 3074
1287 2997
1137 2909
1194 2812
1071 2707
1084 2595
1222 2480
1216 2363
1471 2246
1586 2130
1448 2023
1558 1918
1686 1816
1846 1733
1986 1656
2064 1591
2379 1541
2321 1503
2574 1477
2607 1473
2752 1478
2965 1504
2992 1545
3129 1595
3055 1665
3110 1744
3137 1831
3302 1935
3339 2044
3084 2161
3084 2280
3148 2402
2887 2521
2781 2642
2738 2758
2867 2863
2609 2966
2386 3056
2477 3131
2245 3197
2065 3247
1792 3281
1753 3302
1825 3304
1606 3289
1619 3256
1344 3214
1321 3158
1305 3084
1078 3004
1300 2911
1056 2810
1277 2700
1164 2590
1269 2475
1256 2355
1289 2240
1534 2128
1477 2018
1706 1913
1954 1815
1850 1729
2181 1653
2153 1592
2456 1544
2486 1507
2493 1490
2692 1488
2674 1500
2916 1532
2929 1582
3178 1640
3307 1711
3159 1796
3082 1896
3207 2003
3361 2110
3311 2228
3009 2348
3004 2467
3013 2589
2948 2700
2701 2812
2832 2915
2689 3013
2635 3094
2330 3167
2262 3231
2129 3277
1790 3312
1895 3328
1825 3335
1751 3321
1399 3288
1360 3249
1208 3191
1251 3122
1224 3040
1200 2951
1089 2846
1351 2736
1328 2626
1188 2509
1472 2387
1361 2267
1497 2152
1598 2035
1664 1931
1721 1831
1818 1746
2016 1668
2261 1609
2219 1561
2571 1525
2607 1511
2812 1509
2752 1523
3076 1554
2990 1596
3073 1654
3213 1725
3225 1806
3246 1901
3127 2000
3139 2110
3067 2227
3195 2346
3077 2471
2936 2589
2872 2711
2829 2822
2853 2925
2751 3023
2638 3110
2323 3176
2164 3236
2107 3283
1855 3312
1913 3326
1809 3324
1633 3311
1437 3278
1389 3237
1163 3179
1167 3114
1113 3035
1115 2947
1229 2846
1141 2738
1076 2622
1402 2498
1204 2380
1524 2255
1498 2133
1482 2015
1545 1903
1950 1801
1844 1709
2102 1628
2142 1566
2225 1518
2410 1480
2506 1464
2673 1464
2882 1481
2809 1511
3021 1557
3222 1618
3018 1690
3103 1778
3329 1871
3083 1973
3252 2086
3272 2196
3084 2315
3022 2437
2862 2550
2791 2669
2803 2782
2688 2887
2533 2982
2568 3067
2508 3143
2074 3205
2115 3252
1839 3283
1663 3298
1667 3297
1566 3281
1470 3250
1467 3201
1353 3142
1354 3068
1348 2980
1268 2894
1247 2791
1329 2682
1344 2568
1306 2453
1231 2336
1559 2223
1409 2112
1589 2009
1723 1914
1834 1826
2084 1753
2207 1686
2114 1634
2338 1592
2603 1568
2752 1555
2670 1558
2848 1575
2791 1605
2867 1652
3053 1709
3272 1779
3296 1860
3207 1954
3237 2054
3206 2162
3147 2275
3284 2387
3257 2506
2996 2623
2936 2734
2988 2839
2662 2941
2683 3034
2472 3118
2320 3195
2325 3255
1960 3303
1853 3338
1869 3354
1635 3361
1492 3348
1382 3320
1526 3274
1279 3216
1172 3140
1091 3057
1296 2958
1029 2847
1258 2729
1184 2606
1358 2481
1439 2353
1310 2229
1562 2106
1648 1993
1810 1883
1870 1786
2059 1700
2037 1630
2351 1572
2508 1530
2515 1504
2705 1492
2867 1501
2776 1526
3003 1565
3150 1620
2946 1691
2996 1771
3335 1866
3378 1967
3193 2076
3193 2194
3120 2311
3069 2432
2960 2549
3015 2667
2831 2777
2920 2884
2648 2984
2593 3070
2563 3146
2338 3208
2109 3261
1928 3299
1895 3322
1951 3329
1595 3326
1425 3304
1486 3265
1515 3217
1368 3152
1134 3078
1297 2990
1359 2898
1198 2794
1350 2682
1327 2567
1235 2452
1430 2334
1465 2214
1400 2103
1438 1996
1599 1900
1690 1812
1926 1735
2013 1669
2199 1612
2236 1571
2522 1543
2614 1532
2627 1531
2929 1542
3017 1567
3096 1605
3202 1658
3076 1720
3048 1799
3117 1891
3268 1989
3240 2093
3152 2209
3126 2330
2969 2452
3175 2576
2890 2693
2735 2810
2674 2915
2491 3016
2522 3102
2445 3172
2058 3234
1917 3280
1811 3308
1791 3322
1692 3316
1577 3296
1503 3265
1526 3213
1295 3152
1384 3076
1066 2988
1274 2893
1098 2785
1261 2674
1197 2560
1271 2441
1470 2324
1384 2205
1398 2095
1567 1986
1676 1891
1816 1798
2108 1716
2081 1650
2091 1594
2340 1552
2337 1523
2759 1511
2865 1508
2844 1524
2937 1558
2956 1604
3022 1662
3112 1737
3174 1820
3225 1913
3137 2017
3320 2131
3345 2245
3052 2364
3129 2484
3118 2603
3068 2718
2966 2826
2564 2932
2574 3028
2440 3113
2275 3183
2235 3245
2215 3294
1907 3330
1851 3348
1634 3348
1499 3333
1502 3306
1258 3262
1251 3200
1172 3129
1210 3047
1299 2946
1056 2838
1317 2725
1156 2604
1261 2479
1461 2352
1516 2228
1390 2109
1625 1994
1743 1886
1825 1787
1945 1702
2167 1628
2202 1571
2449 1531
2605 1506
2587 1493
2731 1500
2770 1522
3032 1559
3139 1611
3089 1676
3179 1753
3359 1841
3200 1944
3110 2049
3159 2163
3249 2279
3120 2400
3224 2523
2981 2641
2820 2755
2702 2865
2870 2970
2481 3063
2451 3144
2319 3216
2095 3269
1992 3310
1928 3339
1657 3347
1640 3344
1513 3322
1531 3283
1455 3226
1252 3162
1264 3084
1264 2995
1269 2894
1350 2785
1325 2672
1161 2557
1248 2434
1227 2314
1553 2196
1507 2082
1621 1978
1557 1880
1776 1794
1944 1717
1967 1653
2076 1600
2446 1561
2569 1532
2475 1519
2843 1521
2805 1541
3041 1563
3031 1608
3229 1664
3292 1734
3095 1814
3328 1904
3099 2007
3331 2117
3135 2235
3089 2358
2947 2479
2864 2602
3024 2723
2986 2838
2874 2944
2723 3044
2360 3134
2413 3204
2081 3261
2034 3308
1998 3336
1895 3350
1736 3348
1523 3327
1581 3300
1404 3252
1420 3191
1119 3119
1076 3034
1048 2942
1191 2839
1351 2728
1373 2614
1310 2495
1460 2374
1542 2250
1479 2136
1450 2021
1548 1916
1681 1821
2100 1732
2060 1663
2227 1602
2253 1559
2323 1529
2543 1518
2629 1516
2691 1531
2781 1562
3081 1606
3031 1665
3203 1730
3319 1807
3164 1894
3239 1994
3095 2098
3289 2205
3309 2316
3160 2434
2953 2549
2992 2662
2676 2772
2832 2880
2516 2982
2588 3073
2184 3153
2276 3219
1924 3271
1922 3311
1904 3332
1723 3338
1468 3323
1537 3297
1352 3254
1288 3190
1305 3114
1103 3028
1307 2930
1299 2823
1186 2708
1134 2589
1364 2470
1384 2345
1346 2226
1580 2109
1668 2001
1793 1898
1954 1807
1856 1724
2055 1654
2129 1597
2291 1558
2440 1528
2446 1520
2576 1523
2921 1542
3099 1576
2955 1621
3112 1681
3181 1752
3092 1837
3297 1925
3188 2023
3136 2132
3328 2238
3208 2352
3236 2472
2985 2585
3049 2698
2831 2810
2630 2914
2519 3010
2492 3099
2489 3174
2356 3243
2131 3291
1807 3329
1770 3349
1783 3354
1444 3342
1471 3313
1318 3269
