11111011000000000000000001111011
11111011000000010000000111001000
11111011000000100000001100010101
11111011000000110000001111110011
11111011000001000000010010111101
11111011000001010000010110000111
11111011000001100000011001010001
11111011000001110000011100011011
11111011000010000000011111100101
11111011000010010000100010101111
11111011000010100000100101111001
11111011000010110000101001000011
11111011000011000000101100001101
11111011000011010000101111010111
11111011000011100000110010100001
11111011000011110000110101101011
11111011000100000000111000110101
11111011000100010000111011111111
11111011000100100000111111001001
11111011000100110000110010101011
11111011000101000000000110111101
11111011000101010000101001010111
11111011000101100000000111000001
11111011000101110000010000011011
11111011000110000000010010000001
11111011000110010000000111000111
11111011000110100000001000101101
11111011000110110000001101011011
11111011000111000000100000001101
11111011000111010000110010111111
11111011000111100000000111010001
11111011000111110000111001010011
