-3
-4
-3
1
11
31
65
116
187
282
402
548
719
912
1125
1350
1583
1816
2043
2257
2454
2629
2780
2905
3003
3075
3123
3147
3151
3136
3105
3057
2997
2924
2839
2744
2640
2530
2414
2295
2175
2056
1940
1830
1726
1631
1546
1473
1413
1367
1336
1321
1321
1336
1367
1413
1473
1546
1631
1726
1830
1940
2056
2175
2295
2414
2530
2640
2744
2839
2924
2997
3057
3103
3134
3149
3149
3134
3103
3057
2997
2924
2839
2744
2640
2530
2414
2295
2175
2056
1940
1830
1726
1631
1546
1473
1413
1367
1336
1321
1321
1336
1367
1413
1473
1546
1631
1726
1830
1940
2056
2175
2295
2414
2530
2640
2744
2839
2924
2997
3057
3103
3134
3149
3149
3134
3103
3057
2997
2924
2839
2744
2640
2530
2414
2295
2175
2056
1940
1830
1726
1631
1546
1473
1413
1367
1336
1321
1321
1336
1367
1413
1473
1546
1631
1726
1830
1940
2056
2175
2295
2414
2530
2640
2744
2839
2924
2997
3057
3103
3134
3149
3149
3134
3103
3057
2997
2924
2839
2744
2640
2530
2414
2295
2175
2056
1940
1830
1726
1631
1546
1473
1413
1367
1336
1321
1321
1336
1367
1413
1473
1546
1631
1726
1830
1940
2056
2175
2295
2414
2530
2640
2744
2839
2924
2997
3057
3103
3134
3149
3149
3134
3103
3057
2997
2924
2839
2744
2640
2530
2414
2295
2175
2056
1940
1830
1726
1631
1546
1473
1413
1367
1336
1321
1321
1336
1367
1413
1473
1546
1631
1726
1830
1940
2056
2175
2295
2414
2530
2640
2744
2839
2924
2997
3057
3103
3134
3149
3149
3134
3103
3057
2997
2924
2839
2744
2640
2530
2414
2295
2175
2056
1940
1830
1726
1631
1546
1473
1413
1367
1336
1321
1321
1336
1367
1413
1473
1546
1631
1726
1830
1940
2056
2175
2295
2414
2530
2640
2744
2839
2924
2997
3057
3103
3134
3149
3149
3134
3103
3057
2997
2924
2839
2744
2640
2530
2414
2295
2175
2056
1940
1830
1726
1631
1546
1473
1413
1367
1336
1321
1321
1336
1367
1413
1473
1546
1631
1726
1830
1940
2056
2175
2295
2414
2530
2640
2744
2839
2924
2997
3057
3103
3134
3149
3149
3134
3103
3057
2997
2924
2839
2744
2640
2530
2414
2295
2175
2056
1940
1830
1726
1631
1546
1473
1413
1367
1336
1321
1321
1336
1367
1413
1473
1546
1631
1726
1830
1940
2056
2175
2295
2414
2530
2640
2744
2839
2924
2997
3057
3103
3134
3149
3149
3134
3103
3057
2997
2924
2839
2744
2640
2530
2414
2295
2175
2056
1940
1830
1726
1631
1546
1473
1413
1367
1336
1321
1321
1336
1367
1413
1473
1546
1631
1726
1830
1940
2056
2175
2295
2414
2530
2640
2744
2839
2924
2997
3057
3103
3134
3149
3149
3134
3103
3057
2997
2924
2839
2744
2640
2530
2414
2295
2175
2056
1940
1830
1726
1631
1546
1473
1413
1367
1336
1321
1321
1336
1367
1413
1473
1546
1631
1726
1830
1940
2056
2175
2295
2414
2530
2640
2744
2839
2924
2997
3057
3103
3134
3149
3149
3134
3103
3057
2997
2924
2839
2744
2640
2530
2414
2295
2175
2056
1940
1830
1726
1631
1546
1473
1413
1367
1336
1321
1321
1336
1367
1413
1473
1546
1631
1726
1830
1940
2056
2175
2295
2414
2530
2640
2744
2839
2924
2997
3057
3103
3134
3149
3149
3134
3103
3057
2997
2924
2839
2744
2640
2530
2414
2295
2175
2056
1940
1830
1726
1631
1546
1473
1413
1367
1336
1321
1321
1336
1367
1413
1473
1546
1631
1726
1830
1940
2056
2175
2295
2414
2530
2640
2744
2839
2924
2997
3057
3103
3134
3149
3149
3134
3103
3057
2997
2924
2839
2744
2640
2530
2414
2295
2175
2056
1940
1830
1726
1631
1546
1473
1413
1367
1336
1321
1321
1336
1367
1413
1473
1546
1631
1726
1830
1940
2056
2175
2295
2414
2530
2640
2744
2839
2924
2997
3057
3103
3134
3149
3149
3134
3103
3057
2997
2924
2839
2744
2640
2530
2414
2295
2175
2056
1940
1830
1726
1631
1546
1473
1413
1367
1336
1321
1321
1336
1367
1413
1473
1546
1631
1726
1830
1940
2056
2175
2295
2414
2530
2640
2744
2839
2924
2997
3057
3103
3134
3149
3149
3134
3103
3057
2997
2924
2839
2744
2640
2530
2414
2295
2175
2056
1940
1830
1726
1631
1546
1473
1413
1367
1336
1321
1321
1336
1367
1413
1473
1546
1631
1726
1830
1940
2056
2175
2295
2414
2530
2640
2744
2839
2924
2997
3057
3103
3134
3149
3149
3134
3103
3057
2997
2924
2839
2744
2640
2530
2414
2295
2175
2056
1940
1830
1726
1631
1546
1473
1413
1367
1336
1321
1321
1336
1367
1413
1473
1546
1631
1726
1830
1940
2056
2175
2295
2414
2530
2640
2744
2839
2924
2997
3057
3103
3134
3149
3149
3134
3103
3057
2997
2924
2839
2744
2640
2530
2414
2295
2175
2056
1940
1830
1726
1631
1546
1473
1413
1367
1336
1321
1321
1336
1367
1413
1473
1546
1631
1726
1830
1940
2056
2175
2295
2414
2530
2640
2744
2839
2924
2997
3057
3103
3134
3149
3149
3134
3103
3057
2997
2924
2839
2744
2640
2530
2414
2295
2175
2056
1940
1830
1726
1631
1546
1473
1413
1367
1336
1321
1321
1336
1367
1413
1473
1546
1631
1726
1830
1940
2056
2175
2295
2414
2530
2640
2744
2839
2924
2997
3057
3103
3134
3149
3149
3134
3103
3057
2997
2924
2839
2744
2640
2530
2414
2295
2175
2056
1940
1830
1726
1631
1546
1473
1413
1367
1336
1321
1321
1336
1367
1413
1473
1546
1631
1726
1830
1940
2056
2175
2295
2414
2530
2640
2744
2839
2924
2997
3057
3103
3134
3149
3149
3134
3103
3057
2997
2924
2839
2744
2640
2530
2414
2295
2175
2056
1940
1830
1726
1631
1546
1473
1413
1367
1336
1321
1321
1336
1367
1413
1473
1546
1631
1726
1830
1940
2056
2175
2295
2414
2530
2640
2744
2839
2924
2997
3057
3103
3134
3149
3149
3134
3103
3057
2997
2924
2839
2744
2640
2530
2414
2295
2175
2056
1940
1830
1726
1631
1546
1473
1413
1367
1336
1321
1321
1336
1367
1413
1473
1546
1631
1726
1830
1940
2056
2175
2295
2414
2530
2640
2744
2839
2924
2997
3057
3103
3134
3149
3149
3134
3103
3057
2997
2924
2839
2744
2640
2530
2414
2295
2175
2056
1940
1830
1726
1631
1546
1473
1413
1367
1336
1321
1321
1336
1367
1413
1473
1546
1631
1726
1830
1940
2056
2175
2295
2414
2530
2640
2744
2839
2924
2997
3057
3103
3134
3149
3149
3134
3103
3057
2997
2924
2839
2744
2640
2530
2414
2295
2175
2056
1940
1830
1726
1631
1546
1473
1413
1367
1336
1321
1321
1336
1367
1413
1473
1546
1631
1726
1830
1940
2056
2175
2295
2414
2530
2640
2744
2839
2924
2997
3057
3103
3134
3149
3149
3134
3103
3057
2997
2924
2839
2744
2640
2530
2414
2295
2175
2056
1940
1830
1726
1631
1546
1473
1413
1367
1336
1321
1321
1336
1367
1413
1473
1546
1631
1726
1830
1940
2056
2175
2295
2414
2530
2640
2744
2839
2924
2997
3057
3103
3134
3149
3149
3134
3103
3057
2997
2924
2839
2744
2640
2530
2414
2295
2175
2056
1940
1830
1726
1631
1546
1473
1413
1367
1336
1321
1321
1336
1367
1413
1473
1546
1631
1726
1830
1940
2056
2175
2295
2414
2530
2640
2744
2839
2924
2997
3057
3103
3134
3149
3149
3134
3103
3057
2997
2924
2839
2744
2640
2530
2414
2295
2175
2056
1940
1830
1726
1631
1546
1473
1413
1367
1336
1321
1321
1336
1367
1413
1473
1546
1631
1726
1830
1940
2056
2175
2295
2414
2530
2640
2744
2839
2924
2997
3057
3103
3134
3149
3149
3134
3103
3057
2997
2924
2839
2744
2640
2530
2414
2295
2175
2056
1940
1830
1726
1631
1546
1473
1413
1367
1336
1321
1321
1336
1367
1413
1473
1546
1631
1726
1830
1940
2056
2175
2295
2414
2530
2640
2744
2839
2924
2997
3057
3103
3134
3149
3149
3134
3103
3057
2997
2924
2839
2744
2640
2530
2414
2295
2175
2056
1940
1830
1726
1631
1546
1473
1413
1367
1336
1321
1321
1336
1367
1413
1473
1546
1631
1726
1830
1940
2056
2175
2295
2414
2530
2640
2744
2839
2924
2997
3057
3103
3134
3149
3149
3134
3103
3057
2997
2924
2839
2744
2640
2530
2414
2295
2175
2056
1940
1830
1726
1631
1546
1473
1413
1367
1336
1321
1321
1336
1367
1413
1473
1546
1631
1726
1830
1940
2056
2175
2295
2414
2530
2640
2744
2839
2924
2997
3057
3103
3134
3149
3149
3134
3103
3057
2997
2924
2839
2744
2640
2530
2414
2295
2175
2056
1940
1830
1726
1631
1546
1473
1413
1367
1336
1321
1321
1336
1367
1413
1473
1546
1631
1726
1830
1940
2056
2175
2295
2414
2530
2640
2744
2839
2924
2997
3057
3103
3134
3149
3149
3134
3103
3057
2997
2924
2839
2744
2640
2530
2414
2295
2175
2056
1940
1830
1726
1631
1546
1473
1413
1367
1336
1321
1321
1336
1367
1413
1473
1546
1631
1726
1830
1940
2056
2175
2295
2414
2530
2640
2744
2839
2924
2997
3057
3103
3134
3149
3149
3134
3103
3057
2997
2924
2839
2744
2640
2530
2414
2295
2175
2056
1940
1830
1726
1631
1546
1473
1413
1367
1336
1321
1321
1336
1367
1413
1473
1546
1631
1726
1830
1940
2056
2175
2295
2414
2530
2640
2744
2839
2924
2997
3057
3103
3134
3149
3149
3134
3103
3057
2997
2924
2839
2744
2640
2530
2414
2295
2175
2056
1940
1830
1726
1631
1546
1473
1413
1367
1336
1321
1321
1336
1367
1413
1473
1546
1631
1726
1830
1940
2056
2175
2295
2414
2530
2640
2744
2839
2924
2997
3057
3103
3134
3149
3149
3134
3103
3057
2997
2924
2839
2744
2640
2530
2414
2295
2175
2056
1940
1830
1726
1631
1546
1473
1413
1367
1336
1321
1321
1336
1367
1413
1473
1546
1631
1726
1830
1940
2056
2175
2295
2414
2530
2640
2744
2839
2924
2997
3057
3103
3134
3149
3149
3134
3103
3057
2997
2924
2839
2744
2640
2530
2414
2295
2175
2056
1940
1830
1726
1631
1546
1473
1413
1367
1336
1321
1321
1336
1367
1413
1473
1546
1631
1726
1830
1940
2056
2175
2295
2414
2530
2640
2744
2839
2924
2997
3057
3103
3134
3149
3149
3134
3103
3057
2997
2924
2839
2744
2640
2530
2414
2295
2175
2056
1940
1830
1726
1631
1546
1473
1413
1367
1336
1321
1321
1336
1367
1413
1473
1546
1631
1726
1830
1940
2056
2175
2295
2414
2530
2640
2744
2839
2924
2997
3057
3103
3134
3149
3149
3134
3103
3057
2997
2924
2839
2744
2640
2530
2414
2295
2175
2056
1940
1830
1726
1631
1546
1473
1413
1367
1336
1321
1321
1336
1367
1413
1473
1546
1631
1726
1830
1940
2056
2175
2295
2414
2530
2640
2744
2839
2924
2997
3057
3103
3134
3149
3149
3134
3103
3057
2997
2924
2839
2744
2640
2530
2414
2295
2175
2056
1940
1830
1726
1631
1546
1473
1413
1367
1336
1321
1321
1336
1367
1413
1473
1546
1631
1726
1830
1940
2056
2175
2295
2414
2530
2640
2744
2839
2924
2997
3057
3103
3134
3149
3149
3134
3103
3057
2997
2924
2839
2744
2640
2530
2414
2295
2175
2056
1940
1830
1726
1631
1546
1473
1413
1367
1336
1321
1321
1336
1367
1413
1473
1546
1631
1726
1830
1940
2056
2175
2295
2414
2530
2640
2744
2839
2924
2997
3057
3103
3134
3149
3149
3134
3103
3057
2997
2924
2839
2744
2640
2530
2414
2295
2175
2056
1940
1830
1726
1631
1546
1473
1413
1367
1336
1321
1321
1336
1367
1413
1473
1546
1631
1726
1830
1940
2056
2175
2295
2414
2530
2640
2744
2839
2924
2997
3057
3103
3134
3149
3149
3134
3103
3057
2997
2924
2839
2744
2640
2530
2414
2295
2175
2056
1940
1830
1726
1631
1546
1473
1413
1367
1336
1321
1321
1336
1367
1413
1473
1546
1631
1726
1830
1940
2056
2175
2295
2414
2530
2640
2744
2839
2924
2997
3057
3103
3134
3149
3149
3134
3103
3057
2997
2924
2839
2744
2640
2530
2414
2295
2175
2056
1940
1830
1726
1631
1546
1473
1413
1367
1336
1321
1321
1336
1367
1413
1473
1546
1631
1726
1830
1940
2056
2175
2295
2414
2530
2640
2744
2839
2924
2997
3057
3103
3134
3149
3149
3134
3103
3057
