11111100000000000000000000000000
11111100000000010000000000000000
11111100000000100000000000000000
11111100000000110000000000000000
11111100000001000000000000000000
11111100000001010000000000000000
11111100000001100000000000000000
11111100000001110000000000000000
11111100000010000000000000000000
11111100000010010000000000000000
11111100000010100000000000000000
11111100000010110000000000000000
11111100000011000000000000000000
11111100000011010000000000000000
11111100000011100000000000000000
11111100000011110000000000000000
11111100000100000000000000000000
11111100000100010000000000000000
11111100000100100000000000000000
11111100000100110000000000000000
11111100000101000000000000000000
11111100000101010000000000000000
11111100000101100000000000000000
11111100000101110000000000000000
11111100000110000000000000000000
11111100000110010000000000000000
11111100000110100000000000000000
11111100000110110000000000000000
11111100000111000000000000000000
11111100000111010000000000000000
11111100000111100000000000000000
11111100000111110000000000000000
