11111011000000001111111111111101
11111011000000010000000000000000
11111011000000100000000000000001
11111011000000110000000000000100
11111011000001000000000000001010
11111011000001010000000000010011
11111011000001100000000000011111
11111011000001110000000000101110
11111011000010000000000001000000
11111011000010010000000001010011
11111011000010100000000001100111
11111011000010110000000001111011
11111011000011000000000010001101
11111011000011010000000010011100
11111011000011100000000010100111
11111011000011110000000010101101
11111011000100000000000010101101
11111011000100010000000010100111
11111011000100100000000010011100
11111011000100110000000010001101
11111011000101000000000001111011
11111011000101010000000001100111
11111011000101100000000001010011
11111011000101110000000001000000
11111011000110000000000000101110
11111011000110010000000000011111
11111011000110100000000000010011
11111011000110110000000000001010
11111011000111000000000000000100
11111011000111010000000000000001
11111011000111100000000000000000
11111011000111111111111111111101
