2048 -3
2219 -4
2374 -3
2498 1
2592 11
2663 31
2727 65
2797 116
2879 187
2970 282
3053 402
3113 548
3136 719
3113 912
3053 1125
2970 1350
2879 1583
2797 1816
2727 2043
2663 2257
2592 2454
2498 2629
2374 2780
2219 2905
2048 3003
1876 3075
1721 3123
1597 3147
1504 3151
1432 3136
1368 3105
1298 3057
1216 2997
1125 2924
1042 2839
982 2744
960 2640
982 2530
1042 2414
1125 2295
1216 2175
1298 2056
1368 1940
1432 1830
1504 1726
1597 1631
1721 1546
1876 1473
2048 1413
2219 1367
2374 1336
2498 1321
2592 1321
2663 1336
2727 1367
2797 1413
2879 1473
2970 1546
3053 1631
3113 1726
3136 1830
3113 1940
3053 2056
2970 2175
2879 2295
2797 2414
2727 2530
2663 2640
2592 2744
2498 2839
2374 2924
2219 2997
2048 3057
1876 3103
1721 3134
1597 3149
1504 3149
1432 3134
1368 3103
1298 3057
1216 2997
1125 2924
1042 2839
982 2744
960 2640
982 2530
1042 2414
1125 2295
1216 2175
1298 2056
1368 1940
1432 1830
1504 1726
1597 1631
1721 1546
1876 1473
2048 1413
2219 1367
2374 1336
2498 1321
2592 1321
2663 1336
2727 1367
2797 1413
2879 1473
2970 1546
3053 1631
3113 1726
3136 1830
3113 1940
3053 2056
2970 2175
2879 2295
2797 2414
2727 2530
2663 2640
2592 2744
2498 2839
2374 2924
2219 2997
2048 3057
1876 3103
1721 3134
1597 3149
1504 3149
1432 3134
1368 3103
1298 3057
1216 2997
1125 2924
1042 2839
982 2744
960 2640
982 2530
1042 2414
1125 2295
1216 2175
1298 2056
1368 1940
1432 1830
1504 1726
1597 1631
1721 1546
1876 1473
2048 1413
2219 1367
2374 1336
2498 1321
2592 1321
2663 1336
2727 1367
2797 1413
2879 1473
2970 1546
3053 1631
3113 1726
3136 1830
3113 1940
3053 2056
2970 2175
2879 2295
2797 2414
2727 2530
2663 2640
2592 2744
2498 2839
2374 2924
2219 2997
2048 3057
1876 3103
1721 3134
1597 3149
1504 3149
1432 3134
1368 3103
1298 3057
1216 2997
1125 2924
1042 2839
982 2744
960 2640
982 2530
1042 2414
1125 2295
1216 2175
1298 2056
1368 1940
1432 1830
1504 1726
1597 1631
1721 1546
1876 1473
2048 1413
2219 1367
2374 1336
2498 1321
2592 1321
2663 1336
2727 1367
2797 1413
2879 1473
2970 1546
3053 1631
3113 1726
3136 1830
3113 1940
3053 2056
2970 2175
2879 2295
2797 2414
2727 2530
2663 2640
2592 2744
2498 2839
2374 2924
2219 2997
2048 3057
1876 3103
1721 3134
1597 3149
1504 3149
1432 3134
1368 3103
1298 3057
1216 2997
1125 2924
1042 2839
982 2744
960 2640
982 2530
1042 2414
1125 2295
1216 2175
1298 2056
1368 1940
1432 1830
1504 1726
1597 1631
1721 1546
1876 1473
2048 1413
2219 1367
2374 1336
2498 1321
2592 1321
2663 1336
2727 1367
2797 1413
2879 1473
2970 1546
3053 1631
3113 1726
3136 1830
3113 1940
3053 2056
2970 2175
2879 2295
2797 2414
2727 2530
2663 2640
2592 2744
2498 2839
2374 2924
2219 2997
2048 3057
1876 3103
1721 3134
1597 3149
1504 3149
1432 3134
1368 3103
1298 3057
1216 2997
1125 2924
1042 2839
982 2744
960 2640
982 2530
1042 2414
1125 2295
1216 2175
1298 2056
1368 1940
1432 1830
1504 1726
1597 1631
1721 1546
1876 1473
2048 1413
2219 1367
2374 1336
2498 1321
2592 1321
2663 1336
2727 1367
2797 1413
2879 1473
2970 1546
3053 1631
3113 1726
3136 1830
3113 1940
3053 2056
2970 2175
2879 2295
2797 2414
2727 2530
2663 2640
2592 2744
2498 2839
2374 2924
2219 2997
2048 3057
1876 3103
1721 3134
1597 3149
1504 3149
1432 3134
1368 3103
1298 3057
1216 2997
1125 2924
1042 2839
982 2744
960 2640
982 2530
1042 2414
1125 2295
1216 2175
1298 2056
1368 1940
1432 1830
1504 1726
1597 1631
1721 1546
1876 1473
2048 1413
2219 1367
2374 1336
2498 1321
2592 1321
2663 1336
2727 1367
2797 1413
2879 1473
2970 1546
3053 1631
3113 1726
3136 1830
3113 1940
3053 2056
2970 2175
2879 2295
2797 2414
2727 2530
2663 2640
2592 2744
2498 2839
2374 2924
2219 2997
2048 3057
1876 3103
1721 3134
1597 3149
1504 3149
1432 3134
1368 3103
1298 3057
1216 2997
1125 2924
1042 2839
982 2744
960 2640
982 2530
1042 2414
1125 2295
1216 2175
1298 2056
1368 1940
1432 1830
1504 1726
1597 1631
1721 1546
1876 1473
2048 1413
2219 1367
2374 1336
2498 1321
2592 1321
2663 1336
2727 1367
2797 1413
2879 1473
2970 1546
3053 1631
3113 1726
3136 1830
3113 1940
3053 2056
2970 2175
2879 2295
2797 2414
2727 2530
2663 2640
2592 2744
2498 2839
2374 2924
2219 2997
2048 3057
1876 3103
1721 3134
1597 3149
1504 3149
1432 3134
1368 3103
1298 3057
1216 2997
1125 2924
1042 2839
982 2744
960 2640
982 2530
1042 2414
1125 2295
1216 2175
1298 2056
1368 1940
1432 1830
1504 1726
1597 1631
1721 1546
1876 1473
2048 1413
2219 1367
2374 1336
2498 1321
2592 1321
2663 1336
2727 1367
2797 1413
2879 1473
2970 1546
3053 1631
3113 1726
3136 1830
3113 1940
3053 2056
2970 2175
2879 2295
2797 2414
2727 2530
2663 2640
2592 2744
2498 2839
2374 2924
2219 2997
2048 3057
1876 3103
1721 3134
1597 3149
1504 3149
1432 3134
1368 3103
1298 3057
1216 2997
1125 2924
1042 2839
982 2744
960 2640
982 2530
1042 2414
1125 2295
1216 2175
1298 2056
1368 1940
1432 1830
1504 1726
1597 1631
1721 1546
1876 1473
2048 1413
2219 1367
2374 1336
2498 1321
2592 1321
2663 1336
2727 1367
2797 1413
2879 1473
2970 1546
3053 1631
3113 1726
3136 1830
3113 1940
3053 2056
2970 2175
2879 2295
2797 2414
2727 2530
2663 2640
2592 2744
2498 2839
2374 2924
2219 2997
2048 3057
1876 3103
1721 3134
1597 3149
1504 3149
1432 3134
1368 3103
1298 3057
1216 2997
1125 2924
1042 2839
982 2744
960 2640
982 2530
1042 2414
1125 2295
1216 2175
1298 2056
1368 1940
1432 1830
1504 1726
1597 1631
1721 1546
1876 1473
2048 1413
2219 1367
2374 1336
2498 1321
2592 1321
2663 1336
2727 1367
2797 1413
2879 1473
2970 1546
3053 1631
3113 1726
3136 1830
3113 1940
3053 2056
2970 2175
2879 2295
2797 2414
2727 2530
2663 2640
2592 2744
2498 2839
2374 2924
2219 2997
2048 3057
1876 3103
1721 3134
1597 3149
1504 3149
1432 3134
1368 3103
1298 3057
1216 2997
1125 2924
1042 2839
982 2744
960 2640
982 2530
1042 2414
1125 2295
1216 2175
1298 2056
1368 1940
1432 1830
1504 1726
1597 1631
1721 1546
1876 1473
2048 1413
2219 1367
2374 1336
2498 1321
2592 1321
2663 1336
2727 1367
2797 1413
2879 1473
2970 1546
3053 1631
3113 1726
3136 1830
3113 1940
3053 2056
2970 2175
2879 2295
2797 2414
2727 2530
2663 2640
2592 2744
2498 2839
2374 2924
2219 2997
2048 3057
1876 3103
1721 3134
1597 3149
1504 3149
1432 3134
1368 3103
1298 3057
1216 2997
1125 2924
1042 2839
982 2744
960 2640
982 2530
1042 2414
1125 2295
1216 2175
1298 2056
1368 1940
1432 1830
1504 1726
1597 1631
1721 1546
1876 1473
2048 1413
2219 1367
2374 1336
2498 1321
2592 1321
2663 1336
2727 1367
2797 1413
2879 1473
2970 1546
3053 1631
3113 1726
3136 1830
3113 1940
3053 2056
2970 2175
2879 2295
2797 2414
2727 2530
2663 2640
2592 2744
2498 2839
2374 2924
2219 2997
2048 3057
1876 3103
1721 3134
1597 3149
1504 3149
1432 3134
1368 3103
1298 3057
1216 2997
1125 2924
1042 2839
982 2744
960 2640
982 2530
1042 2414
1125 2295
1216 2175
1298 2056
1368 1940
1432 1830
1504 1726
1597 1631
1721 1546
1876 1473
2048 1413
2219 1367
2374 1336
2498 1321
2592 1321
2663 1336
2727 1367
2797 1413
2879 1473
2970 1546
3053 1631
3113 1726
3136 1830
3113 1940
3053 2056
2970 2175
2879 2295
2797 2414
2727 2530
2663 2640
2592 2744
2498 2839
2374 2924
2219 2997
2048 3057
1876 3103
1721 3134
1597 3149
1504 3149
1432 3134
1368 3103
1298 3057
1216 2997
1125 2924
1042 2839
982 2744
960 2640
982 2530
1042 2414
1125 2295
1216 2175
1298 2056
1368 1940
1432 1830
1504 1726
1597 1631
1721 1546
1876 1473
2048 1413
2219 1367
2374 1336
2498 1321
2592 1321
2663 1336
2727 1367
2797 1413
2879 1473
2970 1546
3053 1631
3113 1726
3136 1830
3113 1940
3053 2056
2970 2175
2879 2295
2797 2414
2727 2530
2663 2640
2592 2744
2498 2839
2374 2924
2219 2997
2048 3057
1876 3103
1721 3134
1597 3149
1504 3149
1432 3134
1368 3103
1298 3057
1216 2997
1125 2924
1042 2839
982 2744
960 2640
982 2530
1042 2414
1125 2295
1216 2175
1298 2056
1368 1940
1432 1830
1504 1726
1597 1631
1721 1546
1876 1473
2048 1413
2219 1367
2374 1336
2498 1321
2592 1321
2663 1336
2727 1367
2797 1413
2879 1473
2970 1546
3053 1631
3113 1726
3136 1830
3113 1940
3053 2056
2970 2175
2879 2295
2797 2414
2727 2530
2663 2640
2592 2744
2498 2839
2374 2924
2219 2997
2048 3057
1876 3103
1721 3134
1597 3149
1504 3149
1432 3134
1368 3103
1298 3057
1216 2997
1125 2924
1042 2839
982 2744
960 2640
982 2530
1042 2414
1125 2295
1216 2175
1298 2056
1368 1940
1432 1830
1504 1726
1597 1631
1721 1546
1876 1473
2048 1413
2219 1367
2374 1336
2498 1321
2592 1321
2663 1336
2727 1367
2797 1413
2879 1473
2970 1546
3053 1631
3113 1726
3136 1830
3113 1940
3053 2056
2970 2175
2879 2295
2797 2414
2727 2530
2663 2640
2592 2744
2498 2839
2374 2924
2219 2997
2048 3057
1876 3103
1721 3134
1597 3149
1504 3149
1432 3134
1368 3103
1298 3057
1216 2997
1125 2924
1042 2839
982 2744
960 2640
982 2530
1042 2414
1125 2295
1216 2175
1298 2056
1368 1940
1432 1830
1504 1726
1597 1631
1721 1546
1876 1473
2048 1413
2219 1367
2374 1336
2498 1321
2592 1321
2663 1336
2727 1367
2797 1413
2879 1473
2970 1546
3053 1631
3113 1726
3136 1830
3113 1940
3053 2056
2970 2175
2879 2295
2797 2414
2727 2530
2663 2640
2592 2744
2498 2839
2374 2924
2219 2997
2048 3057
1876 3103
1721 3134
1597 3149
1504 3149
1432 3134
1368 3103
1298 3057
1216 2997
1125 2924
1042 2839
982 2744
960 2640
982 2530
1042 2414
1125 2295
1216 2175
1298 2056
1368 1940
1432 1830
1504 1726
1597 1631
1721 1546
1876 1473
2048 1413
2219 1367
2374 1336
2498 1321
2592 1321
2663 1336
2727 1367
2797 1413
2879 1473
2970 1546
3053 1631
3113 1726
3136 1830
3113 1940
3053 2056
2970 2175
2879 2295
2797 2414
2727 2530
2663 2640
2592 2744
2498 2839
2374 2924
2219 2997
2048 3057
1876 3103
1721 3134
1597 3149
1504 3149
1432 3134
1368 3103
1298 3057
1216 2997
1125 2924
1042 2839
982 2744
960 2640
982 2530
1042 2414
1125 2295
1216 2175
1298 2056
1368 1940
1432 1830
1504 1726
1597 1631
1721 1546
1876 1473
2048 1413
2219 1367
2374 1336
2498 1321
2592 1321
2663 1336
2727 1367
2797 1413
2879 1473
2970 1546
3053 1631
3113 1726
3136 1830
3113 1940
3053 2056
2970 2175
2879 2295
2797 2414
2727 2530
2663 2640
2592 2744
2498 2839
2374 2924
2219 2997
2048 3057
1876 3103
1721 3134
1597 3149
1504 3149
1432 3134
1368 3103
1298 3057
1216 2997
1125 2924
1042 2839
982 2744
960 2640
982 2530
1042 2414
1125 2295
1216 2175
1298 2056
1368 1940
1432 1830
1504 1726
1597 1631
1721 1546
1876 1473
2048 1413
2219 1367
2374 1336
2498 1321
2592 1321
2663 1336
2727 1367
2797 1413
2879 1473
2970 1546
3053 1631
3113 1726
3136 1830
3113 1940
3053 2056
2970 2175
2879 2295
2797 2414
2727 2530
2663 2640
2592 2744
2498 2839
2374 2924
2219 2997
2048 3057
1876 3103
1721 3134
1597 3149
1504 3149
1432 3134
1368 3103
1298 3057
1216 2997
1125 2924
1042 2839
982 2744
960 2640
982 2530
1042 2414
1125 2295
1216 2175
1298 2056
1368 1940
1432 1830
1504 1726
1597 1631
1721 1546
1876 1473
2048 1413
2219 1367
2374 1336
2498 1321
2592 1321
2663 1336
2727 1367
2797 1413
2879 1473
2970 1546
3053 1631
3113 1726
3136 1830
3113 1940
3053 2056
2970 2175
2879 2295
2797 2414
2727 2530
2663 2640
2592 2744
2498 2839
2374 2924
2219 2997
2048 3057
1876 3103
1721 3134
1597 3149
1504 3149
1432 3134
1368 3103
1298 3057
1216 2997
1125 2924
1042 2839
982 2744
960 2640
982 2530
1042 2414
1125 2295
1216 2175
1298 2056
1368 1940
1432 1830
1504 1726
1597 1631
1721 1546
1876 1473
2048 1413
2219 1367
2374 1336
2498 1321
2592 1321
2663 1336
2727 1367
2797 1413
2879 1473
2970 1546
3053 1631
3113 1726
3136 1830
3113 1940
3053 2056
2970 2175
2879 2295
2797 2414
2727 2530
2663 2640
2592 2744
2498 2839
2374 2924
2219 2997
2048 3057
1876 3103
1721 3134
1597 3149
1504 3149
1432 3134
1368 3103
1298 3057
1216 2997
1125 2924
1042 2839
982 2744
960 2640
982 2530
1042 2414
1125 2295
1216 2175
1298 2056
1368 1940
1432 1830
1504 1726
1597 1631
1721 1546
1876 1473
2048 1413
2219 1367
2374 1336
2498 1321
2592 1321
2663 1336
2727 1367
2797 1413
2879 1473
2970 1546
3053 1631
3113 1726
3136 1830
3113 1940
3053 2056
2970 2175
2879 2295
2797 2414
2727 2530
2663 2640
2592 2744
2498 2839
2374 2924
2219 2997
2048 3057
1876 3103
1721 3134
1597 3149
1504 3149
1432 3134
1368 3103
1298 3057
1216 2997
1125 2924
1042 2839
982 2744
960 2640
982 2530
1042 2414
1125 2295
1216 2175
1298 2056
1368 1940
1432 1830
1504 1726
1597 1631
1721 1546
1876 1473
2048 1413
2219 1367
2374 1336
2498 1321
2592 1321
2663 1336
2727 1367
2797 1413
2879 1473
2970 1546
3053 1631
3113 1726
3136 1830
3113 1940
3053 2056
2970 2175
2879 2295
2797 2414
2727 2530
2663 2640
2592 2744
2498 2839
2374 2924
2219 2997
2048 3057
1876 3103
1721 3134
1597 3149
1504 3149
1432 3134
1368 3103
1298 3057
1216 2997
1125 2924
1042 2839
982 2744
960 2640
982 2530
1042 2414
1125 2295
1216 2175
1298 2056
1368 1940
1432 1830
1504 1726
1597 1631
1721 1546
1876 1473
2048 1413
2219 1367
2374 1336
2498 1321
2592 1321
2663 1336
2727 1367
2797 1413
2879 1473
2970 1546
3053 1631
3113 1726
3136 1830
3113 1940
3053 2056
2970 2175
2879 2295
2797 2414
2727 2530
2663 2640
2592 2744
2498 2839
2374 2924
2219 2997
2048 3057
1876 3103
1721 3134
1597 3149
1504 3149
1432 3134
1368 3103
1298 3057
1216 2997
1125 2924
1042 2839
982 2744
960 2640
982 2530
1042 2414
1125 2295
1216 2175
1298 2056
1368 1940
1432 1830
1504 1726
1597 1631
1721 1546
1876 1473
2048 1413
2219 1367
2374 1336
2498 1321
2592 1321
2663 1336
2727 1367
2797 1413
2879 1473
2970 1546
3053 1631
3113 1726
3136 1830
3113 1940
3053 2056
2970 2175
2879 2295
2797 2414
2727 2530
2663 2640
2592 2744
2498 2839
2374 2924
2219 2997
2048 3057
1876 3103
1721 3134
1597 3149
1504 3149
1432 3134
1368 3103
1298 3057
1216 2997
1125 2924
1042 2839
982 2744
960 2640
982 2530
1042 2414
1125 2295
1216 2175
1298 2056
1368 1940
1432 1830
1504 1726
1597 1631
1721 1546
1876 1473
2048 1413
2219 1367
2374 1336
2498 1321
2592 1321
2663 1336
2727 1367
2797 1413
2879 1473
2970 1546
3053 1631
3113 1726
3136 1830
3113 1940
3053 2056
2970 2175
2879 2295
2797 2414
2727 2530
2663 2640
2592 2744
2498 2839
2374 2924
2219 2997
2048 3057
1876 3103
1721 3134
1597 3149
1504 3149
1432 3134
1368 3103
1298 3057
1216 2997
1125 2924
1042 2839
982 2744
960 2640
982 2530
1042 2414
1125 2295
1216 2175
1298 2056
1368 1940
1432 1830
1504 1726
1597 1631
1721 1546
1876 1473
2048 1413
2219 1367
2374 1336
2498 1321
2592 1321
2663 1336
2727 1367
2797 1413
2879 1473
2970 1546
3053 1631
3113 1726
3136 1830
3113 1940
3053 2056
2970 2175
2879 2295
2797 2414
2727 2530
2663 2640
2592 2744
2498 2839
2374 2924
2219 2997
2048 3057
1876 3103
1721 3134
1597 3149
1504 3149
1432 3134
1368 3103
1298 3057
1216 2997
1125 2924
1042 2839
982 2744
960 2640
982 2530
1042 2414
1125 2295
1216 2175
1298 2056
1368 1940
1432 1830
1504 1726
1597 1631
1721 1546
1876 1473
2048 1413
2219 1367
2374 1336
2498 1321
2592 1321
2663 1336
2727 1367
2797 1413
2879 1473
2970 1546
3053 1631
3113 1726
3136 1830
3113 1940
3053 2056
2970 2175
2879 2295
2797 2414
2727 2530
2663 2640
2592 2744
2498 2839
2374 2924
2219 2997
2048 3057
1876 3103
1721 3134
1597 3149
1504 3149
1432 3134
1368 3103
1298 3057
1216 2997
1125 2924
1042 2839
982 2744
960 2640
982 2530
1042 2414
1125 2295
1216 2175
1298 2056
1368 1940
1432 1830
1504 1726
1597 1631
1721 1546
1876 1473
2048 1413
2219 1367
2374 1336
2498 1321
2592 1321
2663 1336
2727 1367
2797 1413
2879 1473
2970 1546
3053 1631
3113 1726
3136 1830
3113 1940
3053 2056
2970 2175
2879 2295
2797 2414
2727 2530
2663 2640
2592 2744
2498 2839
2374 2924
2219 2997
2048 3057
1876 3103
1721 3134
1597 3149
1504 3149
1432 3134
1368 3103
1298 3057
1216 2997
1125 2924
1042 2839
982 2744
960 2640
982 2530
1042 2414
1125 2295
1216 2175
1298 2056
1368 1940
1432 1830
1504 1726
1597 1631
1721 1546
1876 1473
2048 1413
2219 1367
2374 1336
2498 1321
2592 1321
2663 1336
2727 1367
2797 1413
2879 1473
2970 1546
3053 1631
3113 1726
3136 1830
3113 1940
3053 2056
2970 2175
2879 2295
2797 2414
2727 2530
2663 2640
2592 2744
2498 2839
2374 2924
2219 2997
2048 3057
1876 3103
1721 3134
1597 3149
1504 3149
1432 3134
1368 3103
1298 3057
1216 2997
1125 2924
1042 2839
982 2744
960 2640
982 2530
1042 2414
1125 2295
1216 2175
1298 2056
1368 1940
1432 1830
1504 1726
1597 1631
1721 1546
1876 1473
2048 1413
2219 1367
2374 1336
2498 1321
2592 1321
2663 1336
2727 1367
2797 1413
2879 1473
2970 1546
3053 1631
3113 1726
3136 1830
3113 1940
3053 2056
2970 2175
2879 2295
2797 2414
2727 2530
2663 2640
2592 2744
2498 2839
2374 2924
2219 2997
2048 3057
1876 3103
1721 3134
1597 3149
1504 3149
1432 3134
1368 3103
1298 3057
1216 2997
1125 2924
1042 2839
982 2744
960 2640
982 2530
1042 2414
1125 2295
1216 2175
1298 2056
1368 1940
1432 1830
1504 1726
1597 1631
1721 1546
1876 1473
2048 1413
2219 1367
2374 1336
2498 1321
2592 1321
2663 1336
2727 1367
2797 1413
2879 1473
2970 1546
3053 1631
3113 1726
3136 1830
3113 1940
3053 2056
2970 2175
2879 2295
2797 2414
2727 2530
2663 2640
2592 2744
2498 2839
2374 2924
2219 2997
2048 3057
1876 3103
1721 3134
1597 3149
1504 3149
1432 3134
1368 3103
1298 3057
1216 2997
1125 2924
1042 2839
982 2744
960 2640
982 2530
1042 2414
1125 2295
1216 2175
1298 2056
1368 1940
1432 1830
1504 1726
1597 1631
1721 1546
1876 1473
2048 1413
2219 1367
2374 1336
2498 1321
2592 1321
2663 1336
2727 1367
2797 1413
2879 1473
2970 1546
3053 1631
3113 1726
3136 1830
3113 1940
3053 2056
2970 2175
2879 2295
2797 2414
2727 2530
2663 2640
2592 2744
2498 2839
2374 2924
2219 2997
2048 3057
1876 3103
1721 3134
1597 3149
1504 3149
1432 3134
1368 3103
1298 3057
1216 2997
1125 2924
1042 2839
982 2744
960 2640
982 2530
1042 2414
1125 2295
1216 2175
1298 2056
1368 1940
1432 1830
1504 1726
1597 1631
1721 1546
1876 1473
2048 1413
2219 1367
2374 1336
2498 1321
2592 1321
2663 1336
2727 1367
2797 1413
2879 1473
2970 1546
3053 1631
3113 1726
3136 1830
3113 1940
3053 2056
2970 2175
2879 2295
2797 2414
2727 2530
2663 2640
2592 2744
2498 2839
2374 2924
2219 2997
2048 3057
1876 3103
1721 3134
1597 3149
1504 3149
1432 3134
1368 3103
1298 3057
1216 2997
1125 2924
1042 2839
982 2744
960 2640
982 2530
1042 2414
1125 2295
1216 2175
1298 2056
1368 1940
1432 1830
1504 1726
1597 1631
1721 1546
1876 1473
2048 1413
2219 1367
2374 1336
2498 1321
2592 1321
2663 1336
2727 1367
2797 1413
2879 1473
2970 1546
3053 1631
3113 1726
3136 1830
3113 1940
3053 2056
2970 2175
2879 2295
2797 2414
2727 2530
2663 2640
2592 2744
2498 2839
2374 2924
2219 2997
2048 3057
1876 3103
1721 3134
1597 3149
1504 3149
1432 3134
1368 3103
1298 3057
1216 2997
1125 2924
1042 2839
982 2744
960 2640
982 2530
1042 2414
1125 2295
1216 2175
1298 2056
1368 1940
1432 1830
1504 1726
1597 1631
1721 1546
1876 1473
2048 1413
2219 1367
2374 1336
2498 1321
2592 1321
2663 1336
2727 1367
2797 1413
2879 1473
2970 1546
3053 1631
3113 1726
3136 1830
3113 1940
3053 2056
2970 2175
2879 2295
2797 2414
2727 2530
2663 2640
2592 2744
2498 2839
2374 2924
2219 2997
2048 3057
1876 3103
1721 3134
1597 3149
1504 3149
1432 3134
1368 3103
1298 3057
1216 2997
1125 2924
1042 2839
982 2744
960 2640
982 2530
1042 2414
1125 2295
1216 2175
1298 2056
1368 1940
1432 1830
1504 1726
1597 1631
1721 1546
1876 1473
2048 1413
2219 1367
2374 1336
2498 1321
2592 1321
2663 1336
2727 1367
2797 1413
2879 1473
2970 1546
3053 1631
3113 1726
3136 1830
3113 1940
3053 2056
2970 2175
2879 2295
2797 2414
2727 2530
2663 2640
2592 2744
2498 2839
2374 2924
2219 2997
2048 3057
1876 3103
1721 3134
1597 3149
1504 3149
1432 3134
1368 3103
1298 3057
1216 2997
1125 2924
1042 2839
982 2744
960 2640
982 2530
1042 2414
1125 2295
1216 2175
1298 2056
1368 1940
1432 1830
1504 1726
1597 1631
1721 1546
1876 1473
2048 1413
2219 1367
2374 1336
2498 1321
2592 1321
2663 1336
2727 1367
2797 1413
2879 1473
2970 1546
3053 1631
3113 1726
3136 1830
3113 1940
3053 2056
2970 2175
2879 2295
2797 2414
2727 2530
2663 2640
2592 2744
2498 2839
2374 2924
2219 2997
2048 3057
1876 3103
1721 3134
1597 3149
1504 3149
1432 3134
1368 3103
1298 3057
1216 2997
1125 2924
1042 2839
982 2744
960 2640
982 2530
1042 2414
1125 2295
1216 2175
1298 2056
1368 1940
1432 1830
1504 1726
1597 1631
1721 1546
1876 1473
2048 1413
2219 1367
2374 1336
2498 1321
2592 1321
2663 1336
2727 1367
2797 1413
2879 1473
2970 1546
3053 1631
3113 1726
3136 1830
3113 1940
3053 2056
2970 2175
2879 2295
2797 2414
2727 2530
2663 2640
2592 2744
2498 2839
2374 2924
2219 2997
2048 3057
1876 3103
1721 3134
1597 3149
1504 3149
1432 3134
1368 3103
1298 3057
1216 2997
1125 2924
1042 2839
982 2744
960 2640
982 2530
1042 2414
1125 2295
1216 2175
1298 2056
1368 1940
1432 1830
1504 1726
1597 1631
1721 1546
1876 1473
2048 1413
2219 1367
2374 1336
2498 1321
2592 1321
2663 1336
2727 1367
2797 1413
2879 1473
2970 1546
3053 1631
3113 1726
3136 1830
3113 1940
3053 2056
2970 2175
2879 2295
2797 2414
2727 2530
2663 2640
2592 2744
2498 2839
2374 2924
2219 2997
2048 3057
1876 3103
1721 3134
1597 3149
1504 3149
1432 3134
1368 3103
1298 3057
